0.0, 0.0, 0.0, 0.0, 0.0, 0.019539004348027092
0.0, 0.0, 0.0, 0.0, 0.0, 0.019539468538985787
0.0, 0.0, 0.0, 0.0, 0.0, 0.019560279192239786
0.0, 0.0, 0.0, 0.0, 0.0, 0.019526904485846795
0.019535492684465115, 0.0, 0.0, 0.0, 0.0, 0.03907098536893023
1.6118012933525112, 0.0, 0.0, 0.0, 0.0, 0.0
4.055824019120816, 0.0, 0.0, 0.0, 0.0, 0.039092279702369316
4.613689417113574, 0.0, 0.0, 0.0, 0.0, 0.0
4.974417720528836, 0.0, 0.0, 0.0, 0.0, 0.01954584566023118
5.470366733359846, 0.0, 0.0, 0.0, 0.0, 0.03907404809542747
5.6138290554685755, 0.0, 0.0, 0.0, 0.0, 0.0
5.525796920358292, 0.0, 0.0, 0.0, 0.0, 0.03905156834175472
5.735342702899513, 0.0, 0.0, 0.0, 0.0, 0.019541201713456604
5.540360692867302, 0.0, 0.0, 0.0, 0.0, 0.019542718493359087
5.966878885746128, 0.0, 0.0, 0.0, 0.0, 0.019531518447614166
5.238211945596483, 0.30295628789830403, 0.0, 0.0, 0.0, 0.019545566961180906
2.3754939246271753, 3.949380845882218, 0.0, 0.0, 0.0, 0.019551390326149592
1.4272407499886555, 4.936688895508706, 0.0, 0.0, 0.0, 0.019551243150529526
0.8890352580541027, 5.197436893239369, 0.0, 0.0, 0.0, 0.0
0.7427939155269196, 5.316840658508477, 0.0, 0.0, 0.0, 0.03909441660667998
0.8984982126093838, 5.635146398647983, 0.0, 0.0, 0.0, 0.0
0.724462296137606, 5.1593463522232215, 0.0, 0.0, 0.0, 0.01958006205777314
0.6254534359430309, 5.404308594945252, 0.0, 0.0, 0.0, 0.019545419873219717
0.7233681971471901, 6.119303938028933, 0.0, 0.0, 0.0, 0.01955049181478892
0.5666369593473037, 5.7445264154519755, 0.0, 0.0, 0.0, 0.03907841098946922
0.6344574452624965, 5.9931826367872745, 0.0, 0.0, 0.0, 0.0
0.8306138898947634, 6.02927964782434, 0.0, 0.0, 0.0, 0.019543856232817965
0.5477223367539313, 6.298806872670211, 0.0, 0.0, 0.0, 0.019561512026926117
0.4301195104752301, 5.122332352023195, 1.1632777669670997, 0.0, 0.0, 0.039101773679566375
0.5961112235690864, 1.6124319981786763, 4.65162200686697, 0.0, 0.0, 0.0
0.4885824739030739, 1.1530546384112546, 5.442808759280244, 0.0, 0.0, 0.03908659791224592
0.5570294639316846, 0.9576997800930718, 5.658246659937639, 0.0, 0.0, 0.0
0.5082564066965363, 0.8112554183810098, 5.561497988660176, 0.0, 0.0, 0.039096646668964334
0.48864285128389784, 0.8209199901569483, 5.590074218687791, 0.0, 0.0, 0.0
0.37131429822427664, 0.8794286010574973, 5.667428762370539, 0.0, 0.0, 0.019542857801277718
0.4592593408466811, 0.7133176996129302, 5.84334225162373, 0.0, 0.0, 0.019542950674326858
0.43991778566237555, 0.7527482110222871, 6.285936359575722, 0.0, 0.0, 0.019551901584994466
0.3904637724936862, 0.8687818937984517, 5.730055861344845, 0.0, 0.0, 0.039046377249368616
0.5467684704599483, 0.8494438737502766, 6.2487825195422655, 0.0, 0.0, 0.01952744537356958
0.41028611397506415, 0.7912660769519095, 6.056604539631899, 0.0, 0.0, 0.0
0.4297076921115494, 0.7617545451068375, 6.611638808170884, 0.0, 0.0, 0.01953216782325224
0.42987409498702817, 0.547112484528945, 4.748154776447629, 1.6804169167674738, 0.0, 0.03907946318063892
0.44948252534725897, 0.5960529140474521, 1.4852466054952906, 5.002935934299926, 0.0, 0.019542718493359087
0.2930941170086144, 0.6057278418178029, 1.1626066641341701, 5.6664862621665435, 0.0, 0.0
0.4298797120556967, 0.644819568083545, 0.9867693390369401, 5.344186420328774, 0.0, 0.019539986911622575
0.4104377235702453, 0.5472502980936605, 1.0163219821739409, 5.804762090493471, 0.0, 0.039089307006690034
0.3423295815514643, 0.606412401605451, 0.9291802927825459, 5.868507112310816, 0.0, 0.01956169037436939
0.3317692514921595, 0.6049909880151144, 0.9953077544764786, 6.0303940418280755, 0.0, 0.019515838323068205
0.37138239407106677, 0.6059396955896352, 0.8307237762115967, 6.078943397689566, 0.0, 0.0
0.44934728354820475, 0.5958735716617498, 0.7717051173980037, 5.958735716617498, 0.0, 0.039073676830278674
0.3323708701942941, 0.4985563052914411, 0.7331710371932958, 6.1097586432774635, 0.0, 0.0
0.2247009521591352, 0.6350244300149473, 0.8011077424803951, 5.578445377515921, 0.0, 0.03907842646245829
0.3128832347491637, 0.4791024532096569, 0.6062112673265047, 6.0230022689214024, 0.0, 0.0
0.3325946171758021, 0.5184563150093385, 0.8706153214307759, 6.5736347865335, 0.0, 0.039128778491270826
0.34192242245600063, 0.4396145431577152, 0.761998541473373, 6.379295481821956, 0.0, 0.0
0.34155958932314556, 0.507459961280102, 0.7514310965109202, 3.9230558545115572, 2.5665763426282084, 0.01951769081846546
0.3608867293039498, 0.5071921601028484, 0.6730049816749335, 1.2582267048705278, 4.974384647162552, 0.01950739077318648
0.38132311798802654, 0.46932076060064803, 0.7528687201302061, 1.17330190150162, 5.270081040911443, 0.039110063383387336
0.34153959708292786, 0.4683971617137295, 0.7123540167729637, 1.170992904284324, 5.347534262898413, 0.0
0.25390722746210764, 0.30273554043558987, 0.654299393844662, 1.0742228854166092, 5.556662016382278, 0.039062650378785785
0.24431513571616953, 0.4984028768609859, 0.4984028768609859, 1.2215756785808476, 5.394478196613023, 0.019545210857293566
0.27366405987191067, 0.4495909555038532, 0.6255178511357958, 0.9578242095516873, 5.805587555854104, 0.01954743284799362
0.263834849367235, 0.4788113932960931, 0.5569846819974962, 0.9380794644168354, 6.185461468498509, 0.0
0.1465453757674419, 0.40055736043100787, 0.5861815030697676, 0.9476600966294577, 6.467535917203103, 0.01953938343565892
0.2442975256468069, 0.49836695231948613, 0.6449454677075703, 0.9283305974578662, 6.273560458610002, 0.039087604103489104
0.20517676817538555, 0.390812891762639, 0.6155303045261564, 0.9574915848184657, 6.2627765904962915, 0.0
0.2736912715076541, 0.4203115955296116, 0.5180584782109167, 0.8210738145229622, 6.0016585966321285, 0.039098753072522016
0.22491263241560283, 0.26402787283570767, 0.44982526483120566, 1.1441207822880666, 6.189986796481591, 0.0
0.23462495708685768, 0.28350515647995306, 0.46924991417371537, 0.958051908104669, 5.425702132633584, 0.8016352700467637
0.24424567776931153, 0.2833249862124014, 0.5373404910924854, 0.9085939213018389, 1.8269576697144503, 4.386652372736835
0.17620902248933087, 0.371996825255254, 0.5188376773296964, 1.1257798659040583, 1.527144861574201, 4.806590557903414
0.1172942611582295, 0.3225592181851311, 0.4398534793433606, 0.8015107845812349, 1.4075311338987542, 4.57447618517095
0.23433676281191704, 0.3026849852987262, 0.4882015891914938, 1.0447514008697967, 1.6794134668187386, 4.569566874832382
0.17591720966219734, 0.3029685277515621, 0.4397930241554934, 1.0066373664003514, 1.3584717857247464, 4.867042800654127
0.15634180986108637, 0.33222634595480854, 0.4299399771179875, 1.1921063001907835, 1.4070762887497774, 4.221228866249333
0.19531866322050356, 0.2929779948307554, 0.5468922570174101, 1.2305075782891726, 1.5430174394419782, 4.492329254071582
0.17578408347140723, 0.2832076900372672, 0.41016286143328345, 1.2890832787903195, 1.6797145753934468, 5.078206855840653
0.16616667249514827, 0.3812058957241637, 0.4985000174854449, 1.4661765220160143, 1.6030196640708425, 4.466951137075457
0.136714893413172, 0.2538990877673194, 0.4394407288280528, 1.36714893413172, 1.6405787209580638, 4.628775676988823
0.17574874699516402, 0.2733869397702552, 0.49795478315296476, 1.4645728916263672, 1.6989045542865855, 4.257025204993973
0.22477651285385353, 0.28341386403311963, 0.5179632687501842, 1.5636626981137633, 1.6223000492930297, 4.730079661794134
0.17578888420703076, 0.25391727718793333, 0.6445592420924462, 1.738356743825082, 1.7090585964572438, 4.297061613949642
0.10755557251933932, 0.2346667036785585, 0.39111117279759755, 1.9653336433079276, 1.7404447189493089, 4.243556224853933
0.13653851178247806, 0.2438187710401394, 0.5851650504963346, 1.735989649805793, 1.8140116565386373, 4.0376388484247085
0.12713481012957714, 0.1955920155839648, 0.449861635843119, 2.102614167527622, 1.8972425511644588, 4.283465141288829
0.14649479565540705, 0.21485903362793032, 0.6543434205941514, 1.9532639420720939, 1.7286385887338032, 4.189751155744641
0.14666285392323294, 0.2248830426822905, 0.5768738920980495, 1.7403991998890305, 1.6230689167504446, 4.253222763773755
0.1855960706458224, 0.17582785640130547, 0.7033114256052219, 2.1099342768156655, 1.7289739212795034, 3.6826167701828973
0.16620617764012746, 0.21509034753428258, 0.8310308882006372, 2.1020193054486707, 1.7500532822107537, 3.949840927447734
0.1466185234366703, 0.24436420572778386, 0.6451215031213494, 2.2188269880082774, 1.5443817801995938, 3.782757904666094
0.12702696593683707, 0.21496871158541658, 0.8012470159092799, 1.954261014412878, 1.6904357774671392, 4.016006384618464
0.10744725146097593, 0.22466243487294968, 0.8009704199818206, 2.1782488250725125, 1.5726370441106479, 3.9364765762521183
0.17594647987914852, 0.21504569763007042, 0.7037859195165941, 2.2579798251157395, 1.8278884298555986, 3.6851012730243884
0.16599182465016465, 0.18552027460900755, 0.6737315235800801, 2.3336497700817262, 1.8747311960489184, 3.5932347924270935
0.15631116831981498, 0.23446675247972248, 0.8108641856590403, 2.325128628757248, 1.787808987657884, 3.8491625198754447
0.11718771922924544, 0.12695336249834924, 0.8496109644120294, 2.333988741315805, 1.8554722211297194, 3.7597726586049585
0.16613363428353728, 0.1172708006707322, 0.7720327710823203, 2.4822319475304977, 1.7981522769512268, 3.5865319871798933
0.15622067571061862, 0.2050396368701869, 1.0251981843509346, 2.0699239531656963, 1.6793722638891502, 3.6907134636633643
0.10746826842939669, 0.22470637944328395, 0.8304366196817017, 2.7941749791643136, 1.7390319800393281, 3.21427821029741
