date time, L, MLT, E0, E1, E2, P6
2018-12-31 07:21:00.626000+00:00, 9.425850856106187, 0.9786968688280062, 200.29603576660156, 42.124813079833984, 8.573214530944824, nan
2018-12-31 07:21:02.626000+00:00, 9.331228808549788, 0.9615980068254331, 190.1749267578125, 59.573482513427734, 9.460443496704102, 1.7320507764816284
2018-12-31 07:21:04.626000+00:00, 9.236602344960028, 0.9446067625455967, 170.05880737304688, 48.641544342041016, 9.246621131896973, nan
2018-12-31 07:21:06.626000+00:00, 9.147658756785226, 0.9276438566959335, 185.09861755371094, 47.3075065612793, 8.8034086227417, 1.0
2018-12-31 07:21:08.626000+00:00, 9.056238597695168, 0.9108032243426862, 139.92140197753906, 40.96950149536133, 16.01561737060547, nan
2018-12-31 07:21:10.626000+00:00, 8.965885632897358, 0.8940870997488801, 189.5824432373047, 24.969982147216797, 9.874208450317383, nan
2018-12-31 07:21:12.626000+00:00, 8.880162828280016, 0.8774043591868299, 175.51922607421875, 49.939964294433594, 13.964240074157715, nan
2018-12-31 07:21:14.626000+00:00, 8.794877016004248, 0.860890789960866, 194.82684326171875, 51.205467224121094, 9.874208450317383, 1.7320507764816284
2018-12-31 07:21:16.626000+00:00, 8.709755003767924, 0.8444657760763761, 216.78329467773438, 62.7136344909668, 9.460443496704102, 1.4142135381698608
2018-12-31 07:21:18.626000+00:00, 8.630617256321031, 0.8281307582469424, 199.41163635253906, 49.939964294433594, nan, nan
2018-12-31 07:21:20.626000+00:00, 8.549092137808149, 0.8118769709035298, 172.57606506347656, 74.79973602294922, 9.669539451599121, nan
2018-12-31 07:21:22.626000+00:00, 8.46697396675335, 0.7956641864871656, 172.57606506347656, 48.641544342041016, 10.07472038269043, nan
2018-12-31 07:21:24.626000+00:00, 8.393129710722437, 0.7796404473813254, 169.67616271972656, 64.9615249633789, 9.669539451599121, nan
2018-12-31 07:21:26.626000+00:00, 8.315102170601614, 0.7636604306589732, 189.8749542236328, 51.205467224121094, 16.217275619506836, nan
2018-12-31 07:21:28.626000+00:00, 8.242656652904852, 0.7477781640150809, 169.01626586914062, 42.124813079833984, 10.319883346557617, 3.1622776985168457
2018-12-31 07:21:30.626000+00:00, 8.168593524323995, 0.732037532869839, 165.48110961914062, 49.939964294433594, nan, 1.7320507764816284
2018-12-31 07:21:32.626000+00:00, 8.09684089450727, 0.7163460402433444, 98.93937683105469, 43.2492790222168, 10.885770797729492, 2.4494898319244385
2018-12-31 07:21:34.626000+00:00, 8.026534943249471, 0.700756147858602, 117.0128173828125, 37.08099365234375, 12.469964027404785, 1.0
2018-12-31 07:21:36.626000+00:00, 7.957971457235172, 0.6852698583066967, 71.65542602539062, 26.2202205657959, 10.885770797729492, nan
2018-12-31 07:21:38.626000+00:00, 7.889397883217893, 0.6698363525015019, 114.24535369873047, 67.73846435546875, 22.934690475463867, nan
2018-12-31 07:21:40.626000+00:00, 7.823561817844731, 0.6545093458606104, 82.74055480957031, 46.459659576416016, 11.467345237731934, nan
2018-12-31 07:21:42.626000+00:00, 7.757421580613671, 0.6392900940776656, 92.50675964355469, 47.48157501220703, 12.469964027404785, 2.0
2018-12-31 07:21:44.626000+00:00, 7.6955962547279, 0.6241350815080864, 114.24535369873047, 65.7038803100586, 22.147233963012695, 2.0
2018-12-31 07:21:46.626000+00:00, 7.630069675661833, 0.6090834064972022, 104.13932800292969, 47.48157501220703, 18.947296142578125, 1.7320507764816284
2018-12-31 07:21:48.626000+00:00, 7.569980398831219, 0.5940990978957998, 129.96922302246094, 50.66063690185547, nan, nan
2018-12-31 07:21:50.626000+00:00, 7.506594402938134, 0.5792711909446702, 105.8182373046875, nan, nan, nan
2018-12-31 07:21:52.626000+00:00, 7.449423124531186, 0.5644693800111433, 170.6267852783203, 52.062461853027344, 20.663978576660156, nan
2018-12-31 07:21:54.626000+00:00, 7.391567283984955, 0.5497755584025512, 137.85317993164062, 52.062461853027344, 20.174240112304688, nan
2018-12-31 07:21:56.626000+00:00, 7.332221832397131, 0.5352047133420399, 121.57508087158203, 67.21234893798828, 30.82206916809082, 2.8284270763397217
2018-12-31 07:21:58.626000+00:00, 7.277330096877899, 0.5207011911314652, 66.92533111572266, 30.058277130126953, nan, nan
2018-12-31 07:22:00.626000+00:00, 7.221489996334103, 0.5062202781721901, 91.9021224975586, nan, nan, nan
2018-12-31 07:22:02.626000+00:00, 7.1652790505257915, 0.49191006722713126, 121.57508087158203, 68.9746322631836, 27.358728408813477, nan
2018-12-31 07:22:04.626000+00:00, 7.112471791693813, 0.4776256370564944, 79.58956909179688, 44.71017837524414, 16.71825408935547, 2.0
2018-12-31 07:22:06.626000+00:00, 7.059756507964893, 0.4634636847055802, 115.91807556152344, 66.91786193847656, 31.34485626220703, 4.898979663848877
2018-12-31 07:22:08.626000+00:00, 7.00559569853284, 0.44937925695629133, 81.9664535522461, nan, nan, 3.7416574954986572
2018-12-31 07:22:10.626000+00:00, 6.955883284776888, 0.4353739083170609, 105.8182373046875, nan, nan, 2.2360680103302
2018-12-31 07:22:12.626000+00:00, 6.905698597936364, 0.42144394846198097, 94.64671325683594, 57.95256805419922, 32.101402282714844, 2.6457512378692627
2018-12-31 07:22:14.626000+00:00, 6.853485132581212, 0.4076446188663425, 84.27632904052734, 57.95256805419922, 18.53375244140625, nan
2018-12-31 07:22:16.626000+00:00, 6.805538457053599, 0.3938765186422444, 97.31392669677734, 59.5860710144043, 26.81417465209961, nan
2018-12-31 07:22:18.626000+00:00, 6.758333266649289, 0.3801918372638582, 70.64701080322266, 49.949974060058594, 27.40437889099121, nan
2018-12-31 07:22:20.626000+00:00, 6.710188291467208, 0.3665875860702066, 102.44022369384766, 72.42927551269531, 35.812007904052734, nan
2018-12-31 07:22:22.626000+00:00, 6.661232417807882, 0.35306936263875244, 88.71583557128906, 64.23783874511719, 35.812007904052734, nan
2018-12-31 07:22:24.626000+00:00, 6.615655346806598, 0.33963475911938446, 72.4361801147461, nan, nan, 2.8284270763397217
2018-12-31 07:22:26.626000+00:00, 6.571324197418786, 0.3263332182705092, 52.454742431640625, nan, nan, 3.316624879837036
2018-12-31 07:22:28.626000+00:00, 6.526094935683772, 0.31307087726642635, 74.18220520019531, 37.94074249267578, nan, nan
2018-12-31 07:22:30.626000+00:00, 6.478786431133581, 0.29984763186464036, 52.454742431640625, 38.77499008178711, nan, nan
2018-12-31 07:22:32.626000+00:00, 6.435971595491656, 0.2867608846318035, 169.69090270996094, 77.54998016357422, 38.71046447753906, 2.6457512378692627
2018-12-31 07:22:34.626000+00:00, 6.393834501486286, 0.273715601588016, 90.85427856445312, 55.99106979370117, 31.606962203979492, 3.316624879837036
2018-12-31 07:22:36.626000+00:00, 6.351041857571936, 0.2607590477257702, 128.4873504638672, 75.88148498535156, 30.838287353515625, nan
2018-12-31 07:22:38.626000+00:00, 6.305907008367996, 0.24789338255656546, 109.68135833740234, 68.57477569580078, 32.48076248168945, 3.316624879837036
2018-12-31 07:22:40.626000+00:00, 6.264980995922519, 0.23507087118685632, 90.85427856445312, 38.77499008178711, 22.967369079589844, nan
2018-12-31 07:22:42.626000+00:00, 6.224540519393465, 0.22238804578519833, 165.87646484375, 88.52965545654297, 54.38290023803711, 4.242640495300293
2018-12-31 07:22:44.626000+00:00, 6.1844757149918115, 0.20975014516543666, 104.90948486328125, 58.50640869140625, nan, nan
2018-12-31 07:22:46.626000+00:00, 6.144256522984404, 0.1971110379178178, 117.29236602783203, 69.96070098876953, 35.31288528442383, 6.244997978210449
2018-12-31 07:22:48.626000+00:00, 6.102191395872574, 0.1846597525422773, 53.660972595214844, 40.39183044433594, 25.602733612060547, nan
2018-12-31 07:22:50.626000+00:00, 6.063458981024705, 0.17220861319342617, 128.4873504638672, 101.33607482910156, 35.31288528442383, nan
2018-12-31 07:22:52.626000+00:00, 6.025087000960206, 0.159852768006985, 53.660972595214844, 42.51470184326172, nan, 5.4772257804870605
2018-12-31 07:22:54.626000+00:00, 5.987258317143983, 0.14759187981468003, 109.68135833740234, 42.51470184326172, 25.602733612060547, 4.123105525970459
2018-12-31 07:22:56.626000+00:00, 5.949758523976025, 0.1353797867806854, 75.88807678222656, 42.51470184326172, 26.2202205657959, nan
2018-12-31 07:22:58.626000+00:00, 5.911851817695204, 0.12326392698739497, 74.18220520019531, 60.12487030029297, 26.2202205657959, 4.4721360206604
2018-12-31 07:23:00.626000+00:00, 5.872603213257444, 0.11120114585694907, 54.84067916870117, 43.629119873046875, nan, nan
2018-12-31 07:23:02.626000+00:00, 5.836764098599091, 0.09923180710957169, 54.84067916870117, nan, nan, nan
2018-12-31 07:23:04.626000+00:00, 5.800929980246373, 0.0872685949766705, 122.62748718261719, 87.25823974609375, 45.414756774902344, 4.898979663848877
2018-12-31 07:23:06.626000+00:00, 5.765183438751926, 0.07545157542733705, 109.68135833740234, 75.5678482055664, 37.93415451049805, 3.605551242828369
2018-12-31 07:23:08.626000+00:00, 5.729915759386783, 0.06363753327074306, 125.20982360839844, 77.44998168945312, 47.48157501220703, 6.0
2018-12-31 07:23:10.626000+00:00, 5.694286818399613, 0.051973102690496376, 137.16049194335938, 97.55767822265625, 37.93415451049805, 3.1622776985168457
2018-12-31 07:23:12.626000+00:00, 5.657811609017006, 0.040310210332300755, nan, nan, nan, nan
2018-12-31 07:23:14.626000+00:00, 5.624028401564345, 0.028749049589450237, 55.99553680419922, 44.71577072143555, 27.41349983215332, 8.124038696289062
2018-12-31 07:23:16.626000+00:00, 5.590151024394706, 0.017245054345941924, 98.94695281982422, nan, nan, 8.66025447845459
2018-12-31 07:23:18.626000+00:00, 5.557069781580581, 0.005837880895178671, 58.51068115234375, nan, nan, nan
2018-12-31 07:23:20.626000+00:00, 5.523717995932648, 23.994440419594632, 101.34347534179688, 63.237648010253906, 40.38563919067383, nan
2018-12-31 07:23:22.626000+00:00, 5.49058758132336, 23.983096530245056, 96.98711395263672, 63.237648010253906, 39.585350036621094, 5.656854152679443
2018-12-31 07:23:24.626000+00:00, 5.45560067662223, 23.9718565147171, 55.99553680419922, nan, nan, nan
2018-12-31 07:23:26.626000+00:00, 5.42386444359241, 23.960762666536016, 79.18964385986328, 43.629119873046875, 27.41349983215332, nan
2018-12-31 07:23:28.626000+00:00, 5.391904334865632, 23.94958801684559, 94.9868392944336, 73.63762664794922, 37.08099365234375, 4.358899116516113
2018-12-31 07:23:30.626000+00:00, 5.360612326454403, 23.938561458074496, 92.94353485107422, 60.12487030029297, 26.2202205657959, nan
2018-12-31 07:23:32.626000+00:00, 5.329511981329216, 23.927589573976586, 109.68135833740234, 87.25823974609375, 38.7685432434082, 6.164413928985596
2018-12-31 07:23:34.626000+00:00, 5.298670442336322, 23.91672326470389, nan, nan, nan, 4.242640495300293
2018-12-31 07:23:36.626000+00:00, 5.267599676582077, 23.90582068163154, 90.85427856445312, 60.12487030029297, 26.2202205657959, 5.099019527435303
2018-12-31 07:23:38.626000+00:00, 5.235473643549577, 23.895024276922058, 72.4361801147461, 58.50640869140625, nan, 4.0
2018-12-31 07:23:40.626000+00:00, 5.205006655933629, 23.884325713996848, 122.36421203613281, 82.74055480957031, 26.2202205657959, nan
2018-12-31 07:23:42.626000+00:00, 5.175322962718136, 23.873643218594985, 86.52456665039062, 69.96070098876953, 35.31288528442383, 3.316624879837036
2018-12-31 07:23:44.626000+00:00, 5.145875989415457, 23.863067888860467, 48.65696334838867, nan, nan, 4.242640495300293
2018-12-31 07:23:46.626000+00:00, 5.116669803702186, 23.852498799853954, 48.65696334838867, 39.59166717529297, 24.969982147216797, nan
2018-12-31 07:23:48.626000+00:00, 5.0877110358863025, 23.84203799748788, 84.27632904052734, 67.1602554321289, 35.31288528442383, 4.123105525970459
2018-12-31 07:23:50.626000+00:00, 5.058881207067612, 23.83163535387577, 48.65696334838867, nan, nan, 3.1622776985168457
2018-12-31 07:23:52.626000+00:00, 5.029511970991098, 23.821198911320028, 94.64671325683594, 75.88148498535156, 42.124813079833984, 6.0
2018-12-31 07:23:54.626000+00:00, 4.9997686895145454, 23.81091279020374, 79.58956909179688, 52.44997787475586, 23.65375328063965, 4.898979663848877
2018-12-31 07:23:56.626000+00:00, 4.971775086315114, 23.800644785165673, 64.98461151123047, 51.215232849121094, 22.967369079589844, nan
2018-12-31 07:23:58.626000+00:00, 4.944298104844462, 23.790475360185667, 126.47529602050781, 80.9783935546875, 33.45145797729492, nan
2018-12-31 07:24:00.626000+00:00, 4.916833555806285, 23.78032437398945, 63.237648010253906, 49.949974060058594, nan, 7.141428470611572
2018-12-31 07:24:02.626000+00:00, 4.889843993764403, 23.77032471840388, nan, nan, nan, nan
2018-12-31 07:24:04.626000+00:00, 4.8626757848203, 23.760292594330572, 85.02940368652344, 66.91786193847656, 21.80596160888672, nan
2018-12-31 07:24:06.626000+00:00, 4.835662824527997, 23.7503202532833, 58.50640869140625, 45.945621490478516, 20.67607307434082, nan
2018-12-31 07:24:08.626000+00:00, 4.8082869447785646, 23.74040811053356, 68.57477569580078, 44.71017837524414, 30.049959182739258, nan
2018-12-31 07:24:10.626000+00:00, 4.780752447368388, 23.73055548415146, 86.7035140991211, 54.75856018066406, 28.54820442199707, nan
2018-12-31 07:24:12.626000+00:00, 4.7548527270814445, 23.720763472349255, 53.656314849853516, 43.62338638305664, 20.67607307434082, nan
2018-12-31 07:24:14.626000+00:00, 4.729184995938422, 23.71103138624784, 37.08773422241211, 30.058277130126953, 19.786359786987305, 3.0
2018-12-31 07:24:16.626000+00:00, 4.703342165772882, 23.701321538196737, 61.17597579956055, 49.46210861206055, 26.21068572998047, nan
2018-12-31 07:24:18.626000+00:00, 4.678067336501719, 23.6917118594459, 66.91786193847656, 47.48157501220703, nan, nan
2018-12-31 07:24:20.626000+00:00, 4.65262865195265, 23.682123270375158, 66.91786193847656, 53.646995544433594, 31.34485626220703, 2.6457512378692627
2018-12-31 07:24:22.626000+00:00, 4.627431843500509, 23.672635205193174, 63.229740142822266, 35.31288528442383, nan, nan
2018-12-31 07:24:24.626000+00:00, 4.601608402329713, 23.66311719566547, 53.427520751953125, 35.31288528442383, 22.338308334350586, 5.196152210235596
2018-12-31 07:24:26.626000+00:00, 4.576291283682214, 23.653751728256836, 52.062461853027344, 40.96950149536133, 27.358728408813477, 2.0
2018-12-31 07:24:28.626000+00:00, 4.551897027127596, 23.644356661973852, 40.38563919067383, 32.48076248168945, 20.663978576660156, nan
2018-12-31 07:24:30.626000+00:00, 4.5277844243405045, 23.63502384331979, 27.991069793701172, 22.349496841430664, 15.016657829284668, 2.6457512378692627
2018-12-31 07:24:32.626000+00:00, 4.503852436634775, 23.62575335966344, 38.7685432434082, 30.049959182739258, 13.397761344909668, nan
2018-12-31 07:24:34.626000+00:00, 4.479996111282548, 23.616544489509714, 25.602733612060547, 19.786359786987305, nan, nan
2018-12-31 07:24:36.626000+00:00, 4.456326587407925, 23.60739832078549, 24.969982147216797, 19.786359786987305, nan, 2.4494898319244385
2018-12-31 07:24:38.626000+00:00, 4.432648097830382, 23.59826062323667, 47.3075065612793, 36.19392395019531, 20.457273483276367, 1.7320507764816284
2018-12-31 07:24:40.626000+00:00, 4.408441594994103, 23.589239553375187, 33.45145797729492, 26.21068572998047, 15.779733657836914, nan
2018-12-31 07:24:42.626000+00:00, 4.384764429919784, 23.580227677605833, 44.69899368286133, 33.43650817871094, 17.874563217163086, nan
2018-12-31 07:24:44.626000+00:00, 4.362026775943405, 23.571277977398932, 20.67607307434082, 15.79556941986084, nan, 2.4494898319244385
2018-12-31 07:24:46.626000+00:00, 4.339336857761452, 23.56230168753617, nan, nan, nan, nan
2018-12-31 07:24:48.626000+00:00, 4.317001811408819, 23.553478665183217, 26.81417465209961, 19.36491584777832, 11.445523262023926, 2.0
2018-12-31 07:24:50.626000+00:00, 4.294525827035653, 23.544628546227187, 31.34485626220703, 19.36491584777832, 12.12435531616211, 2.0
2018-12-31 07:24:52.626000+00:00, 4.272458297599553, 23.535877877849362, 17.190113067626953, 12.469964027404785, nan, 2.0
2018-12-31 07:24:54.626000+00:00, 4.250176343403442, 23.52710127155174, 17.190113067626953, 12.144957542419434, 7.874007701873779, nan
2018-12-31 07:24:56.626000+00:00, 4.227187621168139, 23.518477111078496, 22.956480026245117, 10.885770797729492, nan, 1.4142135381698608
2018-12-31 07:24:58.626000+00:00, 4.205229091183611, 23.5098275041575, 21.79449462890625, 10.319883346557617, 6.363961219787598, 1.7320507764816284
2018-12-31 07:25:00.626000+00:00, 4.183836426956309, 23.501241220849913, 21.79449462890625, nan, nan, nan
2018-12-31 07:25:02.626000+00:00, 4.162575895963274, 23.492665593395536, 14.611639022827148, 9.246621131896973, nan, nan
2018-12-31 07:25:04.626000+00:00, 4.141517581613421, 23.484153459079803, 12.786711692810059, nan, nan, nan
2018-12-31 07:25:06.626000+00:00, 4.120496612420816, 23.475704811423075, 29.283100128173828, 16.733200073242188, 8.246211051940918, nan
2018-12-31 07:25:08.626000+00:00, 4.099599318356569, 23.467320730060145, 12.786711692810059, 8.573214530944824, nan, nan
2018-12-31 07:25:10.626000+00:00, 4.078675961324438, 23.458946600467428, nan, nan, nan, nan
2018-12-31 07:25:12.626000+00:00, 4.056735153076255, 23.450637007298887, 24.949949264526367, 13.509256362915039, 5.74456262588501, 2.0
2018-12-31 07:25:14.626000+00:00, 4.0366042546980285, 23.442336552823765, 15.779733657836914, 8.5440034866333, 3.7416574954986572, 1.7320507764816284
2018-12-31 07:25:16.626000+00:00, 4.016567739570142, 23.434155686586017, 11.157957077026367, 7.106335163116455, 3.464101552963257, nan
2018-12-31 07:25:18.626000+00:00, 3.996688620474379, 23.4259297918891, 10.07472038269043, 5.656854152679443, nan, nan
2018-12-31 07:25:20.626000+00:00, 3.9767190408756017, 23.417790317185393, 20.639766693115234, 9.797959327697754, 5.291502475738525, nan
2018-12-31 07:25:22.626000+00:00, 3.957025823777495, 23.409693510721418, 15.0, 7.4833149909973145, 2.2360680103302, nan
2018-12-31 07:25:24.626000+00:00, 3.9374082490571154, 23.401661794120233, 9.874208450317383, 5.656854152679443, 2.2360680103302, nan
2018-12-31 07:25:26.626000+00:00, 3.917390119174397, 23.393606104661718, 13.379088401794434, 6.324555397033691, 1.7320507764816284, nan
2018-12-31 07:25:28.626000+00:00, 3.8971667501290517, 23.38564948010634, 16.385969161987305, 8.306623458862305, nan, 1.0
2018-12-31 07:25:30.626000+00:00, 3.8781041073304494, 23.37766918335256, 12.449899673461914, 3.464101552963257, 1.4142135381698608, nan
2018-12-31 07:25:32.626000+00:00, 3.8591027855605873, 23.36975431158826, 15.247950553894043, 4.690415859222412, 2.8284270763397217, 1.0
2018-12-31 07:25:34.626000+00:00, 3.8404711763873163, 23.361936717534284, 15.247950553894043, 6.928203105926514, 2.4494898319244385, nan
2018-12-31 07:25:36.626000+00:00, 3.8217620290546437, 23.354096642137776, 9.246621131896973, nan, nan, nan
2018-12-31 07:25:38.626000+00:00, 3.8030275628844055, 23.3463220579851, 8.8034086227417, 4.0, 1.7320507764816284, 1.4142135381698608
2018-12-31 07:25:40.626000+00:00, 3.784311889347978, 23.338557724179935, nan, nan, nan, 1.0
2018-12-31 07:25:42.626000+00:00, 3.764923280279305, 23.33089104155004, 12.767145156860352, 5.4772257804870605, 2.0, nan
2018-12-31 07:25:44.626000+00:00, 3.746802944487182, 23.323257277045983, 8.093207359313965, 2.0, 1.0, nan
2018-12-31 07:25:46.626000+00:00, 3.728897203120205, 23.31563362155603, 13.964240074157715, 3.605551242828369, 1.7320507764816284, 1.7320507764816284
2018-12-31 07:25:48.626000+00:00, 3.7110733177150803, 23.308019856402517, 20.14944076538086, 8.0, 2.4494898319244385, nan
2018-12-31 07:25:50.626000+00:00, 3.6933850131606376, 23.300471213021282, 9.874208450317383, 4.242640495300293, nan, nan
2018-12-31 07:25:52.626000+00:00, 3.6757360633062857, 23.29298857738621, 13.964240074157715, 4.242640495300293, 1.4142135381698608, 1.7320507764816284
2018-12-31 07:25:54.626000+00:00, 3.6580194928335943, 23.28551581300847, 13.964240074157715, 2.8284270763397217, 1.0, nan
2018-12-31 07:25:56.626000+00:00, 3.639174283378669, 23.278078132502422, nan, nan, nan, 1.0
2018-12-31 07:25:58.626000+00:00, 3.6220557385217327, 23.27068060798983, nan, nan, nan, nan
2018-12-31 07:26:00.626000+00:00, 3.605135135775806, 23.263293785993135, nan, nan, nan, nan
2018-12-31 07:26:02.626000+00:00, 3.5883036275753875, 23.255972233246784, 12.449899673461914, 3.1622776985168457, nan, nan
2018-12-31 07:26:04.626000+00:00, 3.5713086325236887, 23.248686424698803, 15.779733657836914, 4.242640495300293, nan, nan
2018-12-31 07:26:06.626000+00:00, 3.55461734855101, 23.241440131622557, 15.394804000854492, 4.242640495300293, nan, nan
2018-12-31 07:26:08.626000+00:00, 3.537633631520118, 23.234230651446843, nan, nan, nan, nan
2018-12-31 07:26:10.626000+00:00, 3.519973234869162, 23.227060483768714, 11.157957077026367, 3.872983455657959, nan, 1.0
2018-12-31 07:26:12.626000+00:00, 3.5037723648727317, 23.21989987799248, 22.315914154052734, 6.324555397033691, 2.8284270763397217, nan
2018-12-31 07:26:14.626000+00:00, 3.4875492005142013, 23.212775888189988, 10.60660171508789, 3.316624879837036, 1.0, nan
2018-12-31 07:26:16.626000+00:00, 3.471609641614644, 23.20569050397054, 20.457273483276367, 3.7416574954986572, 1.4142135381698608, nan
2018-12-31 07:26:18.626000+00:00, 3.4555054710163584, 23.19864267816459, 11.157957077026367, 3.605551242828369, nan, nan
2018-12-31 07:26:20.626000+00:00, 3.4394710138851687, 23.191660031719422, 11.811012268066406, 3.0, 1.4142135381698608, nan
2018-12-31 07:26:22.626000+00:00, 3.423525070381765, 23.18466109222174, 16.217275619506836, 3.316624879837036, 1.0, nan
2018-12-31 07:26:24.626000+00:00, 3.4067110491834924, 23.17769863012237, 27.156951904296875, 6.7082037925720215, 1.7320507764816284, nan
2018-12-31 07:26:26.626000+00:00, 3.391211857072355, 23.170801952329953, 20.457273483276367, 3.1622776985168457, 1.4142135381698608, nan
2018-12-31 07:26:28.626000+00:00, 3.3757793848843303, 23.163914976347275, 10.319883346557617, 3.464101552963257, 1.0, 1.4142135381698608
2018-12-31 07:26:30.626000+00:00, 3.360620365113463, 23.15712365825727, 12.144957542419434, 3.316624879837036, nan, nan
2018-12-31 07:26:32.626000+00:00, 3.3453609091744294, 23.15025566700956, 20.457273483276367, 6.0, 3.0, nan
2018-12-31 07:26:34.626000+00:00, 3.3300990136765716, 23.14351175210263, 17.17556381225586, 4.0, nan, nan
2018-12-31 07:26:36.626000+00:00, 3.314617848224056, 23.136720008719486, 16.217275619506836, 2.2360680103302, nan, nan
2018-12-31 07:26:38.626000+00:00, 3.2989175561694095, 23.130051747348396, 13.397761344909668, 3.605551242828369, nan, nan
2018-12-31 07:26:40.626000+00:00, 3.284239875631673, 23.123335441065127, 13.693063735961914, nan, nan, 1.0
2018-12-31 07:26:42.626000+00:00, 3.269579912220321, 23.116685842334896, 28.591957092285156, 6.324555397033691, 2.0, 1.4142135381698608
2018-12-31 07:26:44.626000+00:00, 3.255048794477376, 23.110045730515402, 21.03568458557129, 5.196152210235596, nan, nan
2018-12-31 07:26:46.626000+00:00, 3.2404788044310373, 23.103471614711303, 18.947296142578125, 6.0, nan, nan
2018-12-31 07:26:48.626000+00:00, 3.2257430440891195, 23.096879868792968, 19.773719787597656, 4.4721360206604, nan, 1.4142135381698608
2018-12-31 07:26:50.626000+00:00, 3.2103890208905725, 23.090382114936034, 13.693063735961914, 4.242640495300293, 1.0, nan
2018-12-31 07:26:52.626000+00:00, 3.1963677157954344, 23.083835782532546, nan, nan, nan, nan
2018-12-31 07:26:54.626000+00:00, 3.1823808539594243, 23.077414280284216, 14.611639022827148, 3.464101552963257, nan, nan
2018-12-31 07:26:56.626000+00:00, 3.1683158896432935, 23.07091654951646, nan, nan, nan, nan
2018-12-31 07:26:58.626000+00:00, 3.154457901560598, 23.064513346837423, 30.82206916809082, 7.745966911315918, nan, nan
2018-12-31 07:27:00.626000+00:00, 3.1404984508477143, 23.058176265558487, 21.79449462890625, 6.480740547180176, 1.4142135381698608, 1.0
2018-12-31 07:27:02.626000+00:00, 3.1256248632115033, 23.051763119936084, 26.009613037109375, 4.582575798034668, nan, 2.0
2018-12-31 07:27:04.626000+00:00, 3.1121417686361665, 23.04544407609046, 15.016657829284668, 3.7416574954986572, 1.4142135381698608, nan
2018-12-31 07:27:06.626000+00:00, 3.0987673283583215, 23.039192173263427, nan, nan, nan, nan
2018-12-31 07:27:08.626000+00:00, 3.085333796841311, 23.03292245382199, 16.232683181762695, 3.872983455657959, 1.4142135381698608, nan
2018-12-31 07:27:10.626000+00:00, 3.0720396412348463, 23.026687443037808, 15.79556941986084, 3.464101552963257, nan, nan
2018-12-31 07:27:12.626000+00:00, 3.058641656964498, 23.020435721634072, 26.009613037109375, 2.4494898319244385, nan, nan
2018-12-31 07:27:14.626000+00:00, 3.0449224301279334, 23.014276548357422, 23.64318084716797, 6.164413928985596, nan, nan
2018-12-31 07:27:16.626000+00:00, 3.031424430195463, 23.008100042656455, 22.956480026245117, 6.633249759674072, nan, nan
2018-12-31 07:27:18.626000+00:00, 3.0186071907036527, 23.001958403465327, 17.190113067626953, 4.123105525970459, nan, nan
2018-12-31 07:27:20.626000+00:00, 3.0057473382663464, 22.995857845441122, 39.46517562866211, 8.83176040649414, 3.1622776985168457, nan
2018-12-31 07:27:22.626000+00:00, 2.9928881864912436, 22.989766116790094, nan, nan, nan, nan
2018-12-31 07:27:24.626000+00:00, 2.9801529697901215, 22.98376659477961, 17.190113067626953, 4.242640495300293, nan, nan
2018-12-31 07:27:26.626000+00:00, 2.966894256773235, 22.97769222249338, 17.649362564086914, 4.795831680297852, nan, nan
2018-12-31 07:27:28.626000+00:00, 2.953983613564731, 22.97168421399744, 30.56959342956543, 9.643651008605957, 1.4142135381698608, nan
2018-12-31 07:27:30.626000+00:00, 2.941596050649799, 22.965743542702583, 18.53375244140625, 4.898979663848877, 1.0, nan
2018-12-31 07:27:32.626000+00:00, 2.9293790706063274, 22.959778066603473, 18.53375244140625, 6.67083215713501, nan, nan
2018-12-31 07:27:34.626000+00:00, 2.9170887633596267, 22.95385450238605, 27.40437889099121, 5.8736701011657715, nan, nan
2018-12-31 07:27:36.626000+00:00, 2.904688656007692, 22.947997290825306, 17.649362564086914, 4.690415859222412, 1.4142135381698608, nan
2018-12-31 07:27:38.626000+00:00, 2.8916184578353956, 22.94209064793121, 26.81417465209961, 9.0, nan, nan
2018-12-31 07:27:40.626000+00:00, 2.8796521582106007, 22.936250309492557, 26.21068572998047, 6.041522979736328, 1.4142135381698608, nan
2018-12-31 07:27:42.626000+00:00, 2.8677999477924674, 22.930418477078653, nan, nan, nan, 1.0
2018-12-31 07:27:44.626000+00:00, 2.8559744598979573, 22.9246539412438, nan, nan, nan, nan
2018-12-31 07:27:46.626000+00:00, 2.844151443116986, 22.91883860419344, 19.377822875976562, 7.106335163116455, 1.0, nan
2018-12-31 07:27:48.626000+00:00, 2.8322555168923342, 22.913090667555867, 18.53375244140625, 6.204836845397949, nan, nan
2018-12-31 07:27:50.626000+00:00, 2.8197655350498336, 22.907409992932436, 40.37325668334961, 16.18641471862793, 1.7320507764816284, nan
2018-12-31 07:27:52.626000+00:00, 2.808351367841326, 22.9016774836017, nan, nan, nan, nan
2018-12-31 07:27:54.626000+00:00, 2.796933378199285, 22.896013089713524, 27.98213768005371, 9.219544410705566, nan, nan
2018-12-31 07:27:56.626000+00:00, 2.7855951586008167, 22.89035600738627, 20.67607307434082, 6.819090843200684, nan, nan
2018-12-31 07:27:58.626000+00:00, 2.7741828482335835, 22.884766276470696, nan, nan, nan, nan
